3,2
10,71
10,76
10,112
10,102
10,259
10,86
10,74
10,121
11,23
11,22
9,5
9,7
9,2
9,3
8,16
8,4
8,14
8,7
8,2
8,3
29,4
29,3
29,1
27,3
27,1
20,3
20,2
20,1
19,2
17,3
19,1
17,2
19,3
17,1
16,3
16,2
16,1
15,3
15,2
15,1
14,2
13,2
12,3
12,2
12,1
11,30
11,29
11,28
11,25
11,24
11,21
11,20
11,19
11,18
11,17
11,16
11,15
11,14
11,13
11,12
11,11
11,10
11,9
11,8
11,7
11,6
11,5
11,4
11,3
11,2
11,1
10,304
10,300
10,291
10,287
10,284
10,281
10,276
10,271
10,268
10,266
10,252
10,251
10,244
18,1
10,242
18,3
10,240
10,238
10,236
14,1
10,227
14,3
10,226
10,213
